31.742 25.5849 127424597
32.5314 25.5145 127424597
32.2565 25.6544 127424597
32.5056 25.1374 127424597
31.9397 26.4616 127424597
30.7216 24.8568 127424597
30.8997 24.497 127424597
31.0199 24.8115 127424597
30.1755 26.6925 127424597
30.1756 26.4051 127424597
30.3048 26.5019 127424597
29.4421 26.106 127424597
30.4567 26.4656 127424597
29.591 26.2112 127424597
31.0269 26.616 127424597
30.0898 26.3019 127424597
29.6731 26.1559 127424597
29.6716 26.0133 127424597
32.2778 27.1422 127424597
31.7357 26.7104 127424597
29.9254 25.5526 127424597
29.5315 25.7765 127424597
29.2732 26.1433 127424597
31.2691 27.3224 127424597
32.5539 24.4314 127424597
32.8549 24.2836 127424597
28.8481 24.9334 127424597
29.4197 24.1647 127424597
28.2975 25.713 127424597
28.7921 25.6956 127424597
28.603 24.9115 127424597
29.3589 25.3899 127424597
29.0565 24.0763 127424597
29.2646 24.2631 127424597
29.1863 25.0441 127424597
28.5867 25.3031 127424597
29.2424 23.0092 127424597
29.3734 22.6333 127424597
29.3724 23.7064 127424597
28.0515 26.4357 127424597
28.0872 25.8819 127424597
28.1624 26.6961 127424597
27.9247 24.077 127424597
28.5449 23.802 127424597
28.3735 23.7339 127424597
27.2921 24.2406 127424597
27.6041 24.7407 127424597
28.1435 23.6438 127424597
26.9699 23.7939 127424597
27.6808 25.1678 127424597
30.4883 28.0703 127424597
30.9913 27.89 127424597
30.0972 28.8225 127424597
31.0479 27.8964 127424597
30.644 27.3362 127424597
30.8179 28.5391 127424597
30.9215 28.4848 127424597
29.2259 27.1621 127424597
29.1115 27.0145 127424597
28.726 26.8536 127424597
28.805 27.2508 127424597
29.4029 26.6772 127424597
29.7593 26.9003 127424597
31.9586 28.4067 127424597
32.8627 27.9989 127424597
29.4938 29.5732 127424597
29.678 30.0329 127424597
29.8368 30.0506 127424597
29.31 30.2135 127424597
29.5814 29.0588 127424597
31.0631 29.4422 127424597
31.875 29.4995 127424597
31.5697 23.5557 127424597
31.2565 23.7845 127424597
30.2434 22.8805 127424597
30.4419 22.0893 127424597
30.7236 22.5948 127424597
30.5969 22.8066 127424597
30.695 22.9445 127424597
31.0383 22.4698 127424597
32.193 22.2988 127424597
32.769 22.1982 127424597
33.9271 23.6228 127424597
34.8576 23.706 127424597
34.1004 25.1687 127424597
26.9331 25.9958 127424597
27.492 26.3756 127424597
26.6709 25.7121 127424597
27.106 26.7217 127424597
27.2623 25.2425 127424597
27.4093 25.9904 127424597
27.0348 26.5454 127424597
26.1892 26.6578 127424597
27.261 27.1411 127424597
27.6777 27.0407 127424597
26.8671 27.9651 127424597
26.465 27.4175 127424597
27.1824 27.5509 127424597
25.8926 26.9924 127424597
25.6132 26.7417 127424597
25.3234 27.3277 127424597
26.1321 26.647 127424597
25.1431 27.4589 127424597
25.2252 27.2065 127424597
28.0943 28.6029 127424597
27.2708 28.5398 127424597
27.1897 28.9617 127424597
27.9225 29.2694 127424597
28.3743 28.8117 127424597
27.9791 28.1704 127424597
27.6173 27.8405 127424597
29.045 28.4609 127424597
26.3243 27.9454 127424597
26.6118 28.2589 127424597
25.8728 27.1533 127424597
28.0017 29.9294 127424597
27.0789 29.1183 127424597
33.4864 21.3272 127424597
35.7734 21.6227 127424597
35.8829 21.0896 127424597
32.729 30.8074 127424597
33.3761 30.297 127424597
28.7853 20.2643 127424597
29.1655 20.8871 127424597
29.1325 21.1012 127424597
28.1732 20.69 127424597
28.733 21.8642 127424597
28.2246 21.2729 127424597
29.1558 22.1107 127424597
28.844 22.1217 127424597
30.0928 19.0255 127424597
29.9586 19.8648 127424597
30.365 18.283 127424597
28.178 19.1145 127424597
28.0004 19.3147 127424597
29.961 21.5306 127424597
29.7604 21.618 127424597
27.8625 21.2193 127424597
26.9642 19.7395 127424597
27.3061 20.0948 127424597
26.786 21.3174 127424597
27.3285 21.9065 127424597
26.97 22.0686 127424597
26.875 21.4206 127424597
27.388 21.1368 127424597
26.7455 21.2359 127424597
26.0578 20.723 127424597
26.6827 21.4032 127424597
26.5468 22.1718 127424597
26.9055 21.2993 127424597
27.5824 22.2497 127424597
26.8844 22.7162 127424597
27.5579 22.592 127424597
27.6475 22.8725 127424597
27.6188 22.838 127424597
27.5816 22.6515 127424597
26.8481 22.5836 127424597
26.2199 22.1525 127424597
25.939 21.9655 127424597
26.0854 22.7304 127424597
26.6102 22.6868 127424597
27.4782 18.0556 127424597
28.3445 18.358 127424597
28.0194 18.5263 127424597
31.38 18.2075 127424597
25.0546 17.462 127424597
25.3006 17.5854 127424597
24.7717 17.113 127424597
24.1181 17.2518 127424597
25.1729 18.9699 127424597
25.2294 19.9043 127424597
26.2188 19.0154 127424597
26.3613 18.2825 127424597
27.191 19.1968 127424597
26.2293 19.5444 127424597
26.0741 18.4466 127424597
23.6902 17.2796 127424597
23.8571 18.3409 127424597
25.9402 15.3165 127424597
25.6905 15.9014 127424597
25.8281 16.0509 127424597
25.1823 15.8116 127424597
23.8772 15.2075 127424597
22.0843 33.483 734374337
21.8005 33.722 734374337
20.8663 33.6666 734374337
23.34 33.5924 734374337
21.5488 31.4276 734374337
21.7978 31.4266 734374337
21.0067 31.6559 734374337
21.8252 29.4238 734374337
22.1031 28.5015 734374337
21.4895 29.2251 734374337
22.5655 28.9982 734374337
21.6143 29.3565 734374337
21.9949 29.7687 734374337
22.9982 29.4814 734374337
23.2593 29.6325 734374337
22.7648 30.3035 734374337
23.4688 30.0374 734374337
21.1712 28.1081 734374337
20.2074 28.2178 734374337
20.518 28.2076 734374337
21.4201 28.4558 734374337
22.0078 27.6685 734374337
20.902 28.2615 734374337
20.5028 28.0687 734374337
20.5909 27.4459 734374337
20.7958 27.7037 734374337
20.6705 27.7033 734374337
20.6018 29.1793 734374337
19.9428 28.4715 734374337
22.5117 30.8685 734374337
22.7101 30.5087 734374337
22.4639 28.412 734374337
20.4331 30.504 734374337
19.4773 30.7672 734374337
23.5863 27.5636 734374337
23.6187 26.7849 734374337
23.2977 27.0024 734374337
23.2227 28.4521 734374337
23.2862 27.1665 734374337
23.0347 26.7885 734374337
23.6449 27.5346 734374337
22.9939 27.6676 734374337
23.1625 27.7009 734374337
23.4771 28.5164 734374337
23.376 27.2201 734374337
24.1052 27.2353 734374337
22.9365 27.7753 734374337
24.4087 27.6182 734374337
24.2413 28.3005 734374337
24.4152 27.6905 734374337
24.0319 26.7664 734374337
24.0662 27.9624 734374337
23.7477 26.7382 734374337
24.3694 26.2911 734374337
23.5351 26.4382 734374337
25.087 26.4415 734374337
24.6236 26.5775 734374337
24.3907 26.3448 734374337
24.9371 26.8419 734374337
24.5983 27.2111 734374337
24.291 26.4037 734374337
25.184 26.6992 734374337
22.262 27.0448 734374337
22.3667 26.1546 734374337
22.2653 27.1617 734374337
21.8724 27.1575 734374337
21.6911 26.813 734374337
21.8269 26.5395 734374337
21.9825 26.1723 734374337
22.256 27.1827 734374337
23.3055 25.839 734374337
23.0176 26.3646 734374337
23.8697 28.6015 734374337
24.3237 29.2356 734374337
24.3137 29.4911 734374337
23.9501 28.7483 734374337
23.6101 30.8294 734374337
23.885 30.4289 734374337
23.6129 30.7847 734374337
25.3364 28.6408 734374337
25.3404 28.2238 734374337
25.6675 28.0395 734374337
25.256 28.3239 734374337
25.9397 28.1743 734374337
24.3826 29.4696 734374337
18.6536 31.3573 734374337
18.5968 32.6088 734374337
17.0374 29.7571 734374337
16.6471 30.9059 734374337
27.4827 32.0513 734374337
27.067 31.6199 734374337
26.8038 31.5415 734374337
26.7741 32.2816 734374337
27.1639 32.2804 734374337
27.0768 32.2033 734374337
29.0005 32.7026 734374337
29.5447 32.7202 734374337
29.3003 32.2248 734374337
26.9966 30.4951 734374337
26.5318 29.6733 734374337
27.8004 31.0519 734374337
26.9486 33.6159 734374337
27.3358 33.4821 734374337
27.9036 33.645 734374337
27.0775 33.5509 734374337
27.2135 33.3897 734374337
26.369 32.3678 734374337
25.5472 31.4793 734374337
25.0714 31.2059 734374337
24.5759 31.3882 734374337
25.9093 32.071 734374337
26.2881 31.1359 734374337
25.1199 31.1271 734374337
25.2824 30.2259 734374337
24.7583 30.5696 734374337
25.9158 29.9058 734374337
25.2564 29.4329 734374337
24.3574 30.3476 734374337
24.5277 32.935 734374337
24.3028 33.3698 734374337
24.3266 31.9196 734374337
29.6681 31.3011 734374337
29.7852 30.5301 734374337
29.4424 31.0389 734374337
27.265 35.2257 734374337
26.6394 34.9315 734374337
28.577 34.1073 734374337
27.1943 36.9366 734374337
29.3124 35.1283 734374337
25.3103 34.5905 734374337
25.9844 34.4211 734374337
21.3852 23.0951 656392982
22.1531 23.0641 656392982
22.0996 23.5161 656392982
21.8169 23.4752 656392982
21.716 24.0355 656392982
20.7422 23.0554 656392982
21.8508 23.4168 656392982
22.4663 24.2406 656392982
22.3962 23.5436 656392982
22.7962 24.151 656392982
21.6237 24.1615 656392982
23.1772 24.3581 656392982
23.2046 24.4243 656392982
22.706 23.341 656392982
22.568 24.4998 656392982
23.1438 24.153 656392982
21.9648 24.6878 656392982
22.3855 23.5398 656392982
22.9066 22.8803 656392982
23.3511 22.6457 656392982
23.3265 23.4645 656392982
22.7606 22.366 656392982
23.106 22.4308 656392982
23.0912 22.0133 656392982
23.5967 23.2217 656392982
22.2763 22.375 656392982
22.5062 22.7729 656392982
23.7611 22.6097 656392982
19.8278 23.6654 656392982
20.4599 23.6756 656392982
20.5815 24.0153 656392982
20.086 24.2291 656392982
20.2023 24.1077 656392982
20.2268 23.1428 656392982
19.1986 24.3071 656392982
20.8574 24.5776 656392982
21.4257 24.5843 656392982
19.9846 24.9357 656392982
21.8072 25.015 656392982
21.6691 25.2737 656392982
21.9567 21.4287 656392982
22.1691 21.8665 656392982
21.8357 21.9526 656392982
20.3123 25.8834 656392982
19.8298 26.3966 656392982
20.7732 26.2969 656392982
21.4073 26.3161 656392982
24.3483 21.3943 656392982
24.4417 21.2028 656392982
24.3364 21.3808 656392982
23.9285 20.9835 656392982
23.1937 21.241 656392982
22.561 21.3201 656392982
22.4821 21.6889 656392982
24.768 22.3153 656392982
25.6984 22.5842 656392982
25.568 21.8622 656392982
25.5384 20.5199 656392982
25.7413 21.0755 656392982
25.1337 20.0718 656392982
25.5158 20.9377 656392982
24.1944 19.5165 656392982
22.6665 20.2931 656392982
22.9519 20.2535 656392982
23.4022 19.7735 656392982
22.53 20.9746 656392982
22.6776 21.2027 656392982
22.8992 19.3982 656392982
22.703 20.1865 656392982
22.9222 20.0586 656392982
21.0723 20.7798 656392982
21.5172 21.3566 656392982
20.4024 20.8505 656392982
20.8136 20.8599 656392982
26.5429 23.4049 656392982
26.9404 23.1197 656392982
26.835 24.0153 656392982
26.7046 23.8861 656392982
26.909 22.9984 656392982
26.5606 23.517 656392982
26.4332 23.3872 656392982
24.066 25.0287 656392982
24.9362 24.9672 656392982
24.6916 24.6453 656392982
24.214 25.0954 656392982
23.3437 25.3743 656392982
23.1235 24.8287 656392982
23.9195 24.6466 656392982
23.6154 25.437 656392982
24.2846 24.5691 656392982
23.1694 25.2762 656392982
23.4856 25.7499 656392982
23.8637 25.8748 656392982
23.3829 25.26 656392982
23.1919 24.9199 656392982
24.4186 23.7951 656392982
24.3271 23.4792 656392982
25.078 23.8003 656392982
25.0594 24.3741 656392982
24.5944 23.042 656392982
24.9466 23.2697 656392982
24.8787 23.708 656392982
24.7026 23.7466 656392982
24.3591 22.979 656392982
24.7701 23.0157 656392982
24.0618 23.6936 656392982
24.8288 23.4985 656392982
24.6475 22.9087 656392982
25.2144 24.1906 656392982
24.893 22.958 656392982
24.0644 23.8515 656392982
25.5863 25.5743 656392982
25.4001 25.5266 656392982
25.7913 25.3721 656392982
25.4022 25.5552 656392982
25.3938 25.73 656392982
25.6723 25.064 656392982
25.2753 26.2845 656392982
25.898 26.4235 656392982
25.955 25.6979 656392982
25.2394 25.1179 656392982
25.4405 23.7133 656392982
25.708 23.0319 656392982
25.2839 24.4007 656392982
26.2237 23.4366 656392982
26.3824 23.6504 656392982
26.0726 23.8533 656392982
21.0448 18.4064 656392982
21.7536 19.0661 656392982
21.5382 19.0335 656392982
22.6931 18.5741 656392982
19.7464 18.4812 656392982
20.6186 19.4293 656392982
20.7604 19.7955 656392982
21.5531 19.2878 656392982
19.3924 20.2771 656392982
18.8158 20.8861 656392982
18.7869 19.8535 656392982
19.0415 19.4784 656392982
20.1241 19.7375 656392982
19.2419 21.14 656392982
18.537 21.4698 656392982
18.4715 21.7168 656392982
17.8781 21.4783 656392982
18.3727 20.1584 656392982
20.0494 21.5239 656392982
20.5914 21.6565 656392982
19.7484 16.1754 656392982
18.0257 26.1155 656392982
18.0054 26.086 656392982
18.9528 26.0098 656392982
17.6866 25.5653 656392982
18.2449 26.6644 656392982
19.262 26.6004 656392982
18.7242 27.3451 656392982
18.6519 27.197 656392982
18.6576 27.2525 656392982
19.0405 26.6696 656392982
18.6533 24.9634 656392982
18.6152 24.6896 656392982
18.2519 23.7441 656392982
17.7856 23.6867 656392982
17.019 22.6256 656392982
18.7425 22.4692 656392982
18.6311 28.1212 656392982
17.7515 28.0973 656392982
18.9603 28.7766 656392982
18.1269 28.9208 656392982
19.3373 27.7839 656392982
18.3916 28.9356 656392982
15.4214 27.4417 656392982
15.7654 25.926 656392982
16.1237 23.3849 656392982
15.3625 24.1521 656392982
15.6442 24.8479 656392982
15.9196 21.1465 656392982
17.3597 20.8967 656392982
29.6322 13.7594 1012942193
34.2455 15.022 1012942193
37.0538 35.1948 2042591299
35.505 34.7588 2042591299
35.8398 31.8843 2042591299
36.4149 32.7625 2042591299
15.8937 32.7839 568857275
10.6669 30.0714 568857275
27.0385 38.3367 1068924028
-12.8577 52.3638 300622375
-12.7528 51.4614 300622375
-12.1635 51.9064 300622375
-12.0776 52.8882 300622375
-12.2031 52.9243 300622375
-12.3944 52.6516 300622375
-12.3978 53.6805 300622375
-11.6457 54.1802 300622375
-12.6309 53.5615 300622375
-12.3642 54.4741 300622375
-12.7241 54.4604 300622375
-12.0815 54.0792 300622375
-12.7665 54.4378 300622375
-11.4032 51.5946 300622375
-10.9597 51.4157 300622375
-11.1592 51.9422 300622375
-10.6861 52.0888 300622375
-11.0276 52.3663 300622375
-11.6235 52.0295 300622375
-11.0792 51.7208 300622375
-11.0437 51.3543 300622375
-10.9887 51.0548 300622375
-14.7636 52.8377 300622375
-14.3953 53.6202 300622375
-12.2873 50.9411 300622375
-12.4531 50.4997 300622375
-11.6713 50.2774 300622375
-13.2208 50.7412 300622375
-11.4438 53.3182 300622375
-10.4511 54.04 300622375
-10.6638 54.5338 300622375
-10.2717 54.7589 300622375
-10.7253 54.8437 300622375
-10.2582 54.1714 300622375
-10.4764 54.0737 300622375
-9.69399 54.6191 300622375
-10.451 54.2399 300622375
-11.2722 54.2492 300622375
-11.152 53.6105 300622375
-8.89014 53.6697 300622375
-9.48282 53.3879 300622375
-9.47325 53.0632 300622375
-8.78858 53.4422 300622375
-10.4479 52.658 300622375
-11.235 52.6133 300622375
-11.336 52.8924 300622375
-8.73833 55.016 300622375
-9.33255 55.6781 300622375
-9.16194 55.2737 300622375
-10.1239 55.1814 300622375
-14.3293 54.7259 300622375
-15.1615 54.5505 300622375
-14.2488 54.2871 300622375
-15.0614 55.2577 300622375
-15.2615 54.0214 300622375
-15.3886 54.9942 300622375
-15.2262 55.1887 300622375
-11.9349 56.1697 300622375
-11.7766 56.2475 300622375
-12.7817 56.2029 300622375
-11.6248 55.5128 300622375
-11.3815 56.3945 300622375
-12.3025 56.9963 300622375
-12.1555 56.0672 300622375
-11.7285 56.3007 300622375
-11.1251 55.5891 300622375
-11.6382 55.4016 300622375
-12.0557 55.898 300622375
-12.5813 55.6885 300622375
-11.3113 56.9403 300622375
-13.3191 55.3752 300622375
-13.3304 55.9311 300622375
-13.0545 56.1509 300622375
-14.0281 55.1416 300622375
-12.9707 55.5838 300622375
-13.2887 54.7598 300622375
-12.7208 55.1129 300622375
-13.0503 55.7059 300622375
-13.207 55.104 300622375
-13.5362 55.5848 300622375
-11.622 58.0227 300622375
-12.0228 58.9163 300622375
-11.5266 58.2444 300622375
-11.2775 57.6212 300622375
-11.0781 58.2496 300622375
-10.8944 58.349 300622375
-11.8927 57.6007 300622375
-12.1154 58.7823 300622375
-11.6468 58.0213 300622375
-11.409 58.7962 300622375
-11.215 57.8938 300622375
-13.6158 56.5784 300622375
-12.8149 56.9082 300622375
-13.6312 56.6995 300622375
-10.8049 55.9688 300622375
-10.3287 55.5573 300622375
-10.2161 55.9398 300622375
-10.7956 56.8798 300622375
-10.9113 55.8252 300622375
-10.9129 55.2922 300622375
-9.89946 56.0306 300622375
-11.3743 55.2644 300622375
-10.8409 55.3532 300622375
-10.0881 56.4107 300622375
-10.6233 55.1971 300622375
-10.6743 55.1004 300622375
-10.8537 57.301 300622375
-10.0736 56.7773 300622375
-10.0641 57.1766 300622375
-10.321 57.3457 300622375
-12.3809 54.7138 300622375
-11.6565 55.1041 300622375
-12.2313 55.1966 300622375
-11.6377 55.1503 300622375
-13.0003 57.9076 300622375
-12.869 58.3136 300622375
-12.7457 57.4893 300622375
-12.33 58.6327 300622375
-13.4889 58.5473 300622375
-12.6892 57.1129 300622375
-13.727 57.7916 300622375
-12.8759 58.2909 300622375
-12.6919 58.7382 300622375
-13.3086 57.8383 300622375
-12.7576 58.6287 300622375
-12.6544 58.4661 300622375
-13.4616 57.8264 300622375
-12.3956 57.2584 300622375
-13.2613 57.5899 300622375
-13.8275 57.6777 300622375
-14.6177 56.885 300622375
-15.2655 56.6008 300622375
-15.0675 56.1198 300622375
-14.6353 56.7886 300622375
-14.1489 56.1156 300622375
-14.1734 57.7455 300622375
-14.0652 56.9972 300622375
-15.0339 56.4595 300622375
-13.8897 56.9844 300622375
-13.6634 56.611 300622375
-13.9124 56.5447 300622375
-14.0006 58.4519 300622375
-14.5558 58.1137 300622375
-14.7153 58.9224 300622375
-14.7862 57.9932 300622375
-9.8958 58.0208 300622375
-9.36415 58.4715 300622375
-9.35045 58.3059 300622375
-9.06264 56.5375 300622375
-9.78122 56.7825 300622375
-9.00967 56.5741 300622375
-7.79277 54.2861 300622375
-7.48933 56.1705 300622375
-7.82451 55.4322 300622375
-5.41585 53.7064 300622375
-8.35018 50.647 300622375
-7.78754 50.5038 300622375
-10.1442 51.4734 300622375
-9.64761 51.686 300622375
-10.1184 51.4504 300622375
-9.90343 51.2513 300622375
-9.29621 51.0078 300622375
-9.65415 49.812 300622375
-9.12213 49.5326 300622375
-9.72419 50.2293 300622375
-7.72278 51.7986 300622375
-6.9865 48.8024 300622375
-10.8382 47.3678 300622375
-10.0571 48.8375 300622375
-9.7384 49.0371 300622375
-11.523 45.6105 300622375
-10.2167 44.5879 300622375
-11.1224 44.9924 300622375
-12.574 45.7361 300622375
-11.5459 49.4149 300622375
-10.9747 50.5365 300622375
-12.9905 49.8868 300622375
-12.3418 43.737 300622375
-12.257 43.5867 300622375
-14.6599 46.7805 300622375
-14.1902 49.523 300622375
-13.3038 49.7835 300622375
-14.1844 49.8058 300622375
-14.6469 51.255 300622375
-17.0971 55.1833 300622375
-11.176 62.9591 660155860
-10.6669 63.581 660155860
-10.9375 63.4457 660155860
-10.9005 62.0519 660155860
-11.1232 63.0386 660155860
-10.4221 63.2625 660155860
-10.5357 63.4459 660155860
-11.542 63.2281 660155860
-11.2476 62.8002 660155860
-10.5429 62.317 660155860
-10.8642 63.8774 660155860
-11.9616 62.4344 660155860
-10.7918 62.5622 660155860
-10.4651 62.4904 660155860
-11.3504 62.0693 660155860
-11.3869 62.9808 660155860
-11.0981 62.7347 660155860
-11.1484 62.683 660155860
-11.415 63.2355 660155860
-12.0003 62.2774 660155860
-11.7731 61.8028 660155860
-12.3091 62.3695 660155860
-12.2668 61.8924 660155860
-12.7473 61.843 660155860
-11.8904 62.0932 660155860
-12.5083 62.1838 660155860
-12.3817 63.1774 660155860
-12.4385 61.3897 660155860
-12.2822 61.751 660155860
-12.4916 61.4889 660155860
-11.8681 61.5161 660155860
-12.4928 62.9068 660155860
-12.4578 63.8156 660155860
-12.4541 64.351 660155860
-11.6289 64.0014 660155860
-13.2988 63.5663 660155860
-13.2238 64.2618 660155860
-12.4847 63.6606 660155860
-12.1064 63.473 660155860
-13.3645 63.748 660155860
-11.8209 63.8541 660155860
-12.0719 63.603 660155860
-12.8297 63.3612 660155860
-12.7671 63.0931 660155860
-12.4421 63.1938 660155860
-12.5811 63.7277 660155860
-12.8357 63.1187 660155860
-12.8723 64.4313 660155860
-9.66902 61.9258 660155860
-8.96927 62.1146 660155860
-10.1465 61.9303 660155860
-9.85967 62.2494 660155860
-10.0082 61.3933 660155860
-9.11471 62.1894 660155860
-12.9762 62.8761 660155860
-12.8498 62.8856 660155860
-13.2115 62.6876 660155860
-13.2293 62.6594 660155860
-13.4923 63.0826 660155860
-13.326 62.4527 660155860
-10.8018 64.3393 660155860
-10.3538 63.6189 660155860
-9.95771 62.8995 660155860
-11.1751 61.692 660155860
-9.63577 65.3821 660155860
-9.8102 65.4094 660155860
-9.87799 65.2445 660155860
-10.0962 64.6894 660155860
-9.15496 65.3574 660155860
-9.13653 63.4751 660155860
-9.89424 63.3051 660155860
-10.0445 63.1661 660155860
-9.48172 63.711 660155860
-10.6419 65.8794 660155860
-11.1844 66.4045 660155860
-11.175 66.5127 660155860
-10.715 66.5099 660155860
-10.3454 66.3001 660155860
-8.6402 64.5502 660155860
-10.9254 60.6837 660155860
-11.1374 61.2927 660155860
-11.2732 61.0397 660155860
-10.4378 61.5434 660155860
-11.6224 61.3525 660155860
-11.2012 60.7551 660155860
-10.8987 59.925 660155860
-10.1723 61.1906 660155860
-10.4924 60.7157 660155860
-10.7156 61.5572 660155860
-10.4657 61.3404 660155860
-11.1465 61.2043 660155860
-10.4773 60.3833 660155860
-12.312 60.9837 660155860
-12.1769 60.3778 660155860
-12.6311 60.8382 660155860
-12.9983 61.2059 660155860
-12.6167 60.6836 660155860
-12.4517 60.8547 660155860
-13.0767 61.111 660155860
-12.1639 61.1162 660155860
-12.3357 61.2905 660155860
-11.7602 61.2718 660155860
-10.2467 59.0248 660155860
-9.38495 59.3899 660155860
-10.5624 58.0974 660155860
-10.4158 59.6601 660155860
-9.50124 59.5583 660155860
-9.82011 59.5572 660155860
-11.0892 59.4083 660155860
-10.6143 58.3864 660155860
-10.2122 58.5664 660155860
-12.3697 59.7513 660155860
-11.499 59.5225 660155860
-11.8527 59.8955 660155860
-12.3551 58.7801 660155860
-11.5357 59.2893 660155860
-11.3418 59.672 660155860
-9.74615 60.6413 660155860
-11.7349 65.3552 660155860
-10.9628 65.1606 660155860
-11.1035 65.6289 660155860
-11.9669 65.2121 660155860
-12.4464 64.7257 660155860
-11.9907 66.166 660155860
-12.4638 65.0265 660155860
-11.2288 66.137 660155860
-11.2358 66.1343 660155860
-10.9346 65.4286 660155860
-12.6444 65.4682 660155860
-11.5046 65.7687 660155860
-11.1114 65.524 660155860
-12.21 65.2533 660155860
-12.1963 64.4921 660155860
-12.2507 64.7773 660155860
-12.254 64.5971 660155860
-12.3024 66.694 660155860
-12.5512 67.4176 660155860
-13.0904 66.5733 660155860
-11.6232 66.6725 660155860
-12.7295 67.0221 660155860
-12.962 66.1514 660155860
-12.6022 66.449 660155860
-11.7559 67.1577 660155860
-13.0327 65.8786 660155860
-13.5634 59.943 660155860
-12.8022 60.0965 660155860
-13.8534 60.5945 660155860
-14.2659 60.2337 660155860
-13.8504 59.6264 660155860
-12.8639 59.8163 660155860
-13.93 59.5338 660155860
-13.1126 59.758 660155860
-13.9175 59.9709 660155860
-13.2718 60.6417 660155860
-13.7589 60.2076 660155860
-13.1305 59.382 660155860
-13.0078 59.9763 660155860
-13.7143 60.7645 660155860
-14.0993 60.5149 660155860
-13.8835 59.1858 660155860
-14.257 60.4476 660155860
-13.3598 59.0862 660155860
-14.3264 59.7861 660155860
-13.6631 59.0093 660155860
-12.6819 59.9184 660155860
-13.2997 61.452 660155860
-14.2518 61.3464 660155860
-13.481 61.7329 660155860
-13.1293 61.8856 660155860
-12.9169 61.8126 660155860
-13.9006 61.7076 660155860
-13.8313 60.9085 660155860
-14.9379 58.8336 660155860
-14.2257 61.0424 660155860
-14.5677 60.8288 660155860
-8.15572 59.1276 660155860
-8.92643 58.9999 660155860
-7.46533 59.7598 660155860
-6.43905 58.2784 660155860
-8.78809 60.1734 660155860
-9.05485 59.9215 660155860
-9.45515 60.5379 660155860
-9.41262 59.8322 660155860
-8.25446 61.0151 660155860
-9.14684 59.4937 660155860
-9.7028 59.9105 660155860
-7.53717 61.6581 660155860
-14.9591 67.1109 660155860
-14.9339 66.3477 660155860
-15.588 67.7859 660155860
-14.8728 67.742 660155860
-15.7885 66.7062 660155860
-15.149 67.6891 660155860
-14.1603 67.385 660155860
-14.6856 67.6132 660155860
-14.141 67.8846 660155860
-14.7852 68.2892 660155860
-13.3771 67.3629 660155860
-13.4907 67.6508 660155860
-13.2837 67.708 660155860
-13.7339 67.9523 660155860
-14.538 68.5539 660155860
-13.6581 68.5604 660155860
-14.5555 68.5116 660155860
-13.8904 68.2004 660155860
-13.2953 67.0093 660155860
-13.4553 67.1522 660155860
-14.1097 65.6849 660155860
-14.8158 65.3578 660155860
-13.4265 65.6374 660155860
-13.7153 65.6786 660155860
-13.8951 66.168 660155860
-15.5212 68.0741 660155860
-16.4948 66.7045 660155860
-15.5899 66.3339 660155860
-17.0593 68.2126 660155860
-17.131 68.9065 660155860
-17.5309 67.7347 660155860
-16.0948 68.1747 660155860
-18.1492 68.6264 660155860
-15.5962 69.1183 660155860
-16.1275 69.7582 660155860
-15.7258 68.7021 660155860
-16.8886 65.1295 660155860
-15.0801 70.1721 660155860
-15.1155 70.2927 660155860
-14.8032 71.0823 660155860
-14.8317 69.6443 660155860
-14.2152 70.3454 660155860
-16.2295 71.42 660155860
-13.9925 69.2147 660155860
-15.7563 72.529 660155860
-15.2744 73.1517 660155860
-16.6142 73.8838 660155860
-17.2528 71.916 660155860
-13.2447 71.1321 660155860
-13.5134 70.3205 660155860
-13.5188 70.4587 660155860
-12.515 70.8965 660155860
-12.7243 70.1295 660155860
-17.1762 70.6075 660155860
-11.069 68.7294 660155860
-11.7445 68.6005 660155860
-12.8953 68.8162 660155860
-12.7495 69.3351 660155860
-12.9132 69.6905 660155860
-12.3141 69.0321 660155860
-13.7128 68.8017 660155860
-12.1237 68.3579 660155860
-13.6465 69.3285 660155860
-10.2999 67.778 660155860
-9.65852 67.3502 660155860
-9.59485 67.9881 660155860
-11.9148 68.1272 660155860
-10.8171 71.3537 660155860
-11.7545 71.6937 660155860
-11.4113 72.4408 660155860
-7.81312 69.9882 660155860
-16.676 61.5163 660155860
-16.1674 60.9036 660155860
-15.7613 61.1389 660155860
-16.7221 62.0356 660155860
-16.2845 61.1764 660155860
-16.2055 61.7457 660155860
-16.4483 61.0825 660155860
-16.3222 61.973 660155860
-14.8336 62.085 660155860
-14.7302 61.3654 660155860
-14.5734 61.2446 660155860
-14.5589 61.8944 660155860
-14.7598 61.7719 660155860
-14.5418 62.5017 660155860
-15.5955 62.2796 660155860
-14.5839 62.5447 660155860
-14.2573 62.1279 660155860
-15.5033 60.6132 660155860
-15.544 60.372 660155860
-14.9799 59.8861 660155860
-15.2684 63.3235 660155860
-16.0136 62.8868 660155860
-15.3762 63.6485 660155860
-15.0243 63.9604 660155860
-15.4866 64.0089 660155860
-15.8792 63.2643 660155860
-15.8291 64.0329 660155860
-15.4463 63.4344 660155860
-15.3588 63.0901 660155860
-13.9207 64.4655 660155860
-14.1688 65.2193 660155860
-13.2993 65.1037 660155860
-13.7726 65.0662 660155860
-14.6468 64.8465 660155860
-13.9225 64.6141 660155860
-13.4982 64.255 660155860
-13.6739 64.2484 660155860
-13.8546 65.1888 660155860
-14.3694 63.845 660155860
-14.8892 64.3551 660155860
-14.5128 64.7288 660155860
-13.7203 63.5627 660155860
-15.7182 65.0329 660155860
-15.7067 65.9446 660155860
-16.2068 63.7079 660155860
-17.2454 59.2673 660155860
-17.3953 59.476 660155860
-17.5934 59.6233 660155860
-16.2038 59.4631 660155860
-15.9758 60.3971 660155860
-16.0694 58.6099 660155860
-16.2618 58.581 660155860
-18.2835 59.5534 660155860
-18.1543 60.2822 660155860
-18.7985 59.5492 660155860
-14.5883 74.573 1206510729
-15.0428 75.1671 1206510729
50.2928 47.3505 2104841400
49.6063 47.0314 2104841400
49.8605 48.1256 2104841400
50.8542 47.3389 2104841400
49.8403 47.7433 2104841400
50.674 47.4253 2104841400
49.9027 47.7928 2104841400
50.2771 47.7058 2104841400
50.3767 47.211 2104841400
50.4491 47.6319 2104841400
49.8818 46.5021 2104841400
50.4057 47.4551 2104841400
50.5319 47.0387 2104841400
50.2255 46.9379 2104841400
51.1155 47.564 2104841400
50.1813 46.6343 2104841400
50.8471 45.7271 2104841400
51.1583 44.8721 2104841400
51.4595 45.5389 2104841400
51.2989 45.0926 2104841400
50.2128 45.5849 2104841400
51.5298 45.5566 2104841400
51.2886 46.0248 2104841400
50.2026 46.3452 2104841400
51.5555 45.9466 2104841400
50.1179 45.6119 2104841400
50.3056 45.5137 2104841400
50.5437 46.094 2104841400
51.3728 45.753 2104841400
51.6535 45.2534 2104841400
50.9104 45.4135 2104841400
51.1239 45.3075 2104841400
50.0658 45.5371 2104841400
50.4963 45.8923 2104841400
51.3617 44.9666 2104841400
50.7062 45.9134 2104841400
50.164 45.5797 2104841400
49.8851 45.829 2104841400
51.2073 45.7221 2104841400
51.2093 45.0964 2104841400
51.2322 45.3879 2104841400
50.5567 45.6744 2104841400
51.1375 46.4762 2104841400
51.06 45.0797 2104841400
50.7261 45.9478 2104841400
51.0412 45.0165 2104841400
50.2865 46.0934 2104841400
50.6667 45.0964 2104841400
51.0068 46.1848 2104841400
51.6084 45.1304 2104841400
51.7416 45.3605 2104841400
51.2463 46.4518 2104841400
51.3965 46.2671 2104841400
50.2187 46.0321 2104841400
50.2768 45.4831 2104841400
50.245 45.6692 2104841400
50.8456 46.0989 2104841400
51.6832 45.4106 2104841400
51.7133 46.2068 2104841400
51.614 46.3064 2104841400
50.6363 45.2411 2104841400
51.369 46.1222 2104841400
48.7835 47.7183 2104841400
48.6521 47.8738 2104841400
48.949 46.8613 2104841400
49.0325 47.3966 2104841400
49.6307 48.6545 2104841400
51.2474 46.8289 2104841400
51.2518 47.0466 2104841400
51.7126 47.1165 2104841400
51.4441 46.6549 2104841400
51.699 46.9059 2104841400
51.4026 47.2527 2104841400
51.9152 47.369 2104841400
48.7977 46.6376 2104841400
48.9868 46.7222 2104841400
48.7112 46.3726 2104841400
49.6413 45.4366 2104841400
49.5244 44.543 2104841400
49.4646 45.6206 2104841400
50.0856 44.9548 2104841400
49.0309 44.6702 2104841400
49.4463 46.2124 2104841400
49.5572 44.7349 2104841400
49.1749 45.8904 2104841400
49.3413 44.8237 2104841400
49.4996 45.2042 2104841400
49.6647 45.8261 2104841400
50.0893 44.6191 2104841400
49.9899 44.9173 2104841400
49.6653 46.409 2104841400
49.5245 45.8476 2104841400
49.8975 44.5896 2104841400
49.3344 44.8597 2104841400
49.6497 46.4006 2104841400
51.3128 44.8407 2104841400
51.8804 45.459 2104841400
52.2779 44.8421 2104841400
52.1421 45.4573 2104841400
52.5527 44.724 2104841400
53.0834 45.2589 2104841400
52.5591 45.3261 2104841400
52.847 45.5068 2104841400
52.7473 45.0518 2104841400
52.6471 44.735 2104841400
52.5824 44.889 2104841400
51.8573 45.9239 2104841400
48.5295 48.7048 2104841400
46.9564 46.1209 2104841400
46.5456 46.0706 2104841400
47.6667 46.1428 2104841400
47.343 45.4373 2104841400
47.05 46.5609 2104841400
45.97 45.9676 2104841400
46.8719 45.4527 2104841400
47.1835 45.8687 2104841400
47.7336 46.4299 2104841400
47.3782 46.2689 2104841400
46.8399 46.7301 2104841400
47.1136 45.217 2104841400
47.0898 46.2407 2104841400
47.0426 45.3232 2104841400
46.5176 46.9274 2104841400
47.4221 45.621 2104841400
46.7083 46.527 2104841400
47.3875 46.3653 2104841400
47.443 46.5281 2104841400
47.314 45.5928 2104841400
46.1772 46.0981 2104841400
47.0029 47.0573 2104841400
47.6224 45.9413 2104841400
46.7426 46.0188 2104841400
48.0682 45.449 2104841400
47.8574 44.7907 2104841400
48.4145 46.3105 2104841400
48.1341 45.2041 2104841400
48.6998 45.9571 2104841400
48.3382 45.6848 2104841400
48.9162 45.4397 2104841400
48.3178 45.2528 2104841400
48.5851 45.9935 2104841400
48.118 45.1972 2104841400
48.7928 45.5714 2104841400
47.5703 44.5879 2104841400
48.5038 45.473 2104841400
48.2928 45.963 2104841400
48.7523 44.8795 2104841400
47.9807 44.5134 2104841400
48.4991 45.1849 2104841400
48.1146 46.1613 2104841400
47.7415 44.5849 2104841400
48.8097 45.0844 2104841400
47.4104 45.0219 2104841400
48.3033 45.312 2104841400
47.9733 46.0663 2104841400
48.5597 45.7144 2104841400
48.2939 46.2331 2104841400
48.6692 45.9775 2104841400
48.2426 45.5544 2104841400
47.3375 45.0433 2104841400
49.0149 45.4202 2104841400
45.5923 47.556 2104841400
45.1152 47.0419 2104841400
44.8946 47.237 2104841400
45.2543 46.7422 2104841400
45.318 46.852 2104841400
45.8529 47.3286 2104841400
46.5432 44.896 2104841400
46.4966 45.0351 2104841400
46.4125 45.1867 2104841400
45.6448 45.2688 2104841400
46.1995 44.9527 2104841400
46.8373 45.0757 2104841400
46.0675 45.1751 2104841400
46.4692 45.0229 2104841400
47.3743 47.6957 2104841400
47.3774 47.3417 2104841400
46.9584 47.1538 2104841400
47.7146 47.197 2104841400
47.707 48.2545 2104841400
47.4713 47.0893 2104841400
47.2981 47.8471 2104841400
47.6913 47.0222 2104841400
45.3578 46.109 2104841400
45.8314 46.0161 2104841400
46.4947 47.0169 2104841400
46.257 48.7079 2104841400
46.1415 48.5692 2104841400
45.9691 49.3572 2104841400
47.0941 48.8545 2104841400
47.4063 49.4459 2104841400
46.971 43.8062 2104841400
46.4535 43.3157 2104841400
46.5712 43.0473 2104841400
46.7601 43.6513 2104841400
46.1824 44.2616 2104841400
47.0153 44.2609 2104841400
47.6338 44.1466 2104841400
47.1154 43.7757 2104841400
47.7575 44.1314 2104841400
46.9222 43.8669 2104841400
46.206 44.1598 2104841400
47.2906 43.1571 2104841400
47.1217 44.373 2104841400
47.3605 43.2844 2104841400
46.0014 43.6343 2104841400
45.8702 44.0689 2104841400
45.598 44.4794 2104841400
45.7512 43.1467 2104841400
46.672 42.5521 2104841400
46.2107 42.1754 2104841400
46.4329 41.6319 2104841400
46.3335 42.3684 2104841400
44.6188 45.3666 2104841400
45.3826 45.6665 2104841400
45.179 46.1338 2104841400
45.1625 45.3437 2104841400
45.511 44.9267 2104841400
45.1256 45.2712 2104841400
44.9203 45.2548 2104841400
45.059 45.9929 2104841400
44.0111 46.8313 2104841400
43.2308 45.8675 2104841400
42.8084 45.7365 2104841400
43.1224 44.8019 2104841400
42.8128 44.4673 2104841400
53.5182 47.4805 2104841400
52.9464 48.0244 2104841400
54.4457 47.6014 2104841400
53.9107 46.7315 2104841400
53.7764 47.5877 2104841400
54.9896 47.6746 2104841400
55.0476 46.9164 2104841400
52.3302 47.7411 2104841400
52.4526 47.7179 2104841400
55.4162 49.046 2104841400
54.6755 48.5756 2104841400
53.0875 43.6129 2104841400
53.3691 43.6386 2104841400
53.2342 42.8131 2104841400
52.8941 44.5076 2104841400
53.5634 44.2124 2104841400
53.4328 43.4739 2104841400
52.6834 43.8405 2104841400
52.6938 43.3858 2104841400
52.7107 42.9599 2104841400
53.5803 44.3717 2104841400
52.1322 43.6112 2104841400
53.3607 43.3879 2104841400
53.0156 43.8048 2104841400
53.5882 43.2675 2104841400
53.3251 43.8171 2104841400
53.8156 43.8776 2104841400
53.6616 44.259 2104841400
52.4258 43.4498 2104841400
52.3068 44.1121 2104841400
53.8608 43.0352 2104841400
52.3192 43.0025 2104841400
52.7736 43.6533 2104841400
52.6713 44.3823 2104841400
51.7334 43.9299 2104841400
51.3861 43.6427 2104841400
51.6716 43.6427 2104841400
51.4776 43.3349 2104841400
51.6753 44.3302 2104841400
51.2434 43.9798 2104841400
52.0884 44.8496 2104841400
50.762 43.8253 2104841400
52.2918 44.4639 2104841400
51.3852 44.5027 2104841400
51.4829 43.7113 2104841400
51.9456 43.5995 2104841400
50.8252 44.2828 2104841400
50.9257 43.6815 2104841400
52.2887 44.3778 2104841400
50.9549 44.3729 2104841400
51.2762 44.0018 2104841400
51.8903 44.5269 2104841400
51.7277 43.4733 2104841400
52.1891 43.1121 2104841400
51.5043 44.6828 2104841400
51.9874 43.6517 2104841400
50.8818 43.678 2104841400
51.9172 43.2469 2104841400
50.8181 43.7332 2104841400
50.9988 43.8875 2104841400
51.0963 43.4127 2104841400
51.2418 44.0047 2104841400
51.0703 44.6405 2104841400
54.3928 44.0823 2104841400
54.8574 44.0128 2104841400
54.9844 44.048 2104841400
54.2519 44.0364 2104841400
55.3362 43.7823 2104841400
54.2302 43.6413 2104841400
54.6595 44.4573 2104841400
54.2794 43.1812 2104841400
54.1254 43.2661 2104841400
55.2182 44.2742 2104841400
54.8646 43.4043 2104841400
52.4048 42.4957 2104841400
51.8648 42.595 2104841400
51.8265 41.8224 2104841400
51.9035 42.3114 2104841400
51.9275 42.9204 2104841400
52.063 42.3944 2104841400
54.0802 43.0244 2104841400
54.1876 42.8422 2104841400
54.2758 42.9453 2104841400
54.1902 45.3976 2104841400
53.9836 45.0869 2104841400
53.53 45.7548 2104841400
53.5232 45.9606 2104841400
53.3429 45.1559 2104841400
54.0332 44.7895 2104841400
54.813 46.0502 2104841400
54.3211 45.1308 2104841400
54.4185 45.2023 2104841400
53.753 45.2682 2104841400
53.3603 45.7377 2104841400
54.2419 44.604 2104841400
54.073 45.0357 2104841400
54.7336 45.8692 2104841400
53.5918 45.6541 2104841400
54.2865 45.6762 2104841400
54.9949 45.921 2104841400
53.391 45.6696 2104841400
54.8519 45.6269 2104841400
54.1735 44.8606 2104841400
54.6728 45.6088 2104841400
53.5977 45.6206 2104841400
53.5647 45.5849 2104841400
53.7811 45.234 2104841400
54.7094 45.7233 2104841400
52.7036 46.5059 2104841400
53.151 45.9394 2104841400
52.4196 45.9024 2104841400
51.9303 46.5926 2104841400
53.0254 45.5856 2104841400
52.353 45.66 2104841400
52.8493 46.2253 2104841400
52.9306 46.5347 2104841400
52.5453 45.7049 2104841400
52.0168 47.1664 2104841400
52.1452 45.9457 2104841400
52.3312 45.9182 2104841400
53.6862 46.6288 2104841400
52.2288 45.7657 2104841400
52.7038 45.623 2104841400
52.9129 46.1834 2104841400
52.5206 45.9536 2104841400
53.0848 47.0517 2104841400
52.9619 46.5733 2104841400
52.9488 46.0473 2104841400
53.4236 46.5532 2104841400
51.9301 46.1443 2104841400
51.9343 46.2554 2104841400
52.3823 46.1691 2104841400
53.3488 47.0038 2104841400
52.4629 46.5733 2104841400
51.7585 46.7143 2104841400
56.1164 45.2146 2104841400
55.4778 44.7303 2104841400
56.1018 44.85 2104841400
56.107 44.2647 2104841400
56.3346 44.6562 2104841400
55.8279 46.1082 2104841400
55.5729 45.1309 2104841400
55.3858 45.3591 2104841400
54.5947 46.7338 2104841400
54.3176 46.7834 2104841400
54.1991 46.5745 2104841400
55.2438 45.7085 2104841400
53.8843 41.7507 2104841400
54.3229 42.4169 2104841400
53.6304 42.2598 2104841400
54.6219 41.5196 2104841400
53.6176 42.4618 2104841400
52.7641 41.2842 2104841400
52.2233 41.5961 2104841400
51.9114 41.0505 2104841400
52.7037 40.8787 2104841400
51.9662 41.7186 2104841400
55.2151 42.4739 2104841400
54.4394 42.655 2104841400
55.394 43.1013 2104841400
55.4017 41.6451 2104841400
55.118 43.2529 2104841400
55.0478 42.9662 2104841400
55.6022 42.4527 2104841400
55.4188 43.2225 2104841400
49.7501 43.193 2104841400
49.5291 43.0533 2104841400
50.53 42.7981 2104841400
49.9421 44.1614 2104841400
50.1938 43.636 2104841400
50.1259 43.5121 2104841400
50.3164 43.1602 2104841400
49.6092 43.9826 2104841400
49.0636 43.0683 2104841400
49.4483 44.0039 2104841400
49.2196 43.5193 2104841400
49.7439 44.0839 2104841400
49.5345 43.9186 2104841400
49.7792 43.8602 2104841400
49.1225 43.5953 2104841400
49.2777 43.6087 2104841400
49.5561 43.6329 2104841400
49.2441 43.4425 2104841400
49.9823 42.4789 2104841400
50.2154 43.4006 2104841400
49.7858 43.5056 2104841400
48.8885 42.732 2104841400
49.7578 42.95 2104841400
49.0152 42.9444 2104841400
50.6026 43.3116 2104841400
49.2382 43.9675 2104841400
49.1658 43.6368 2104841400
50.2636 42.558 2104841400
49.4016 43.0775 2104841400
49.7415 43.3403 2104841400
48.0606 43.3147 2104841400
47.9031 42.9505 2104841400
48.4394 43.8586 2104841400
47.7895 42.4705 2104841400
47.4131 42.8854 2104841400
47.9747 43.9516 2104841400
48.6425 43.4062 2104841400
48.034 43.5078 2104841400
48.1243 44.2068 2104841400
48.7576 43.8327 2104841400
48.2453 44.0946 2104841400
48.6702 42.2759 2104841400
48.4501 41.9821 2104841400
50.197 44.161 2104841400
50.3438 44.4938 2104841400
50.5969 44.5602 2104841400
50.3949 44.6742 2104841400
50.5781 44.4548 2104841400
50.8181 43.5181 2104841400
50.5301 44.7174 2104841400
50.7576 44.3182 2104841400
50.2802 44.2612 2104841400
49.8586 44.3175 2104841400
50.2871 44.268 2104841400
50.1159 44.3172 2104841400
50.2379 44.2406 2104841400
49.8164 44.2687 2104841400
51.3283 42.1252 2104841400
51.1466 41.9364 2104841400
50.5616 42.2178 2104841400
48.8084 44.2533 2104841400
48.8788 44.4009 2104841400
48.9239 44.2377 2104841400
48.6823 44.3204 2104841400
49.0364 44.3555 2104841400
50.0092 41.1535 2104841400
49.9042 41.891 2104841400
50.5191 41.0968 2104841400
51.5765 40.8899 2104841400
58.7644 43.8696 914287607
58.1759 43.2893 914287607
59.176 43.5859 914287607
59.3001 43.766 914287607
58.4445 44.7589 914287607
57.1703 45.0458 914287607
58.7085 42.2967 914287607
56.6243 43.119 914287607
56.5015 43.2191 914287607
57.2006 43.5168 914287607
55.9859 43.3691 914287607
56.6788 43.4517 914287607
56.1774 43.098 914287607
56.7354 42.8392 914287607
55.9075 43.6732 914287607
56.781 43.7175 914287607
56.637 42.8685 914287607
56.6013 44.0975 914287607
56.1776 41.5439 914287607
57.1096 46.5076 914287607
56.1647 46.6262 914287607
56.3504 46.6274 914287607
57.4332 46.4521 914287607
56.2059 46.452 914287607
56.6999 47.0045 914287607
57.2681 46.0014 914287607
56.5869 45.7494 914287607
56.571 48.2971 914287607
55.9514 46.4436 914287607
55.3425 46.2738 914287607
55.5564 46.8364 914287607
58.396 47.4607 914287607
59.5016 47.17 914287607
57.8165 49.4011 914287607
61.9091 44.4833 914287607
62.5697 41.5338 914287607
44.468 42.7844 2108299172
44.7098 43.4578 2108299172
45.4252 42.8682 2108299172
41.3465 48.0545 1396020675
31.4882 -22.1325 52110861
30.7679 -22.4779 52110861
31.7385 -21.5793 52110861
31.8231 -22.3089 52110861
31.0895 -21.4757 52110861
31.2357 -22.4522 52110861
30.7796 -22.5915 52110861
32.36 -22.5813 52110861
31.5729 -22.531 52110861
31.9559 -21.3747 52110861
32.1925 -21.9579 52110861
31.565 -22.7019 52110861
32.261 -22.7522 52110861
32.0923 -22.0196 52110861
31.7402 -22.4197 52110861
30.6396 -21.8034 52110861
30.7793 -22.4002 52110861
31.1359 -22.0098 52110861
32.1538 -21.9504 52110861
29.8267 -22.3549 52110861
29.8212 -21.4979 52110861
29.9004 -23.2986 52110861
29.5587 -21.438 52110861
29.6655 -23.1008 52110861
29.8311 -22.4427 52110861
29.5701 -22.9454 52110861
29.2205 -21.7967 52110861
29.7114 -22.4605 52110861
29.321 -22.4759 52110861
29.054 -21.9362 52110861
29.6388 -22.4028 52110861
29.4971 -23.0715 52110861
30.1513 -21.9227 52110861
32.5081 -22.9146 52110861
32.8104 -22.3348 52110861
32.3837 -23.3727 52110861
32.9322 -22.7865 52110861
33.426 -23.23 52110861
32.287 -23.5913 52110861
31.8209 -23.3484 52110861
31.0657 -23.3539 52110861
31.3032 -23.1326 52110861
31.0008 -23.1786 52110861
31.9301 -23.8338 52110861
30.7946 -22.9269 52110861
30.4513 -23.8397 52110861
31.4121 -23.502 52110861
31.3657 -23.7316 52110861
31.4315 -23.3837 52110861
31.8769 -20.4251 52110861
32.4045 -20.7019 52110861
32.8105 -21.2062 52110861
32.7611 -21.4242 52110861
32.4286 -21.7055 52110861
33.7412 -21.8473 52110861
34.3058 -21.9424 52110861
34.5084 -22.3687 52110861
32.9706 -22.0543 52110861
33.1576 -22.3328 52110861
32.9878 -22.4225 52110861
32.8629 -22.1562 52110861
33.0399 -22.1806 52110861
34.4081 -21.5303 52110861
33.3318 -22.6067 52110861
34.4612 -21.583 52110861
33.8992 -21.2759 52110861
34.2617 -21.3892 52110861
32.9143 -21.3694 52110861
34.0198 -21.0176 52110861
33.9348 -21.9578 52110861
34.0001 -22.9276 52110861
33.9943 -23.7431 52110861
34.7317 -22.7722 52110861
33.5866 -23.1944 52110861
33.8743 -23.2907 52110861
34.4916 -23.3163 52110861
33.8821 -22.9045 52110861
35.112 -23.1861 52110861
35.2412 -23.4017 52110861
32.861 -19.5281 52110861
33.3386 -19.4643 52110861
33.3827 -20.3695 52110861
31.3833 -19.5368 52110861
30.089 -20.484 52110861
29.582 -21.0547 52110861
30.0994 -21.019 52110861
29.8582 -21.0055 52110861
29.553 -24.9763 52110861
29.7131 -24.1959 52110861
29.2239 -25.1559 52110861
30.3251 -24.3569 52110861
30.2638 -24.5275 52110861
28.9557 -24.7526 52110861
30.2104 -25.5854 52110861
29.6255 -23.6851 52110861
29.8868 -23.7086 52110861
29.171 -23.4637 52110861
30.8066 -24.9578 52110861
30.711 -24.4342 52110861
30.7427 -24.7223 52110861
28.6075 -24.1312 52110861
32.0811 -25.2613 52110861
33.212 -24.2621 52110861
33.0158 -24.3292 52110861
32.3131 -24.2842 52110861
27.1897 -20.9541 52110861
27.5562 -21.7625 52110861
26.566 -20.7116 52110861
27.8838 -21.0836 52110861
27.0166 -21.9383 52110861
26.3919 -21.2388 52110861
27.0391 -20.9206 52110861
26.6395 -20.5104 52110861
26.6142 -20.5606 52110861
27.7998 -21.3753 52110861
26.4273 -20.852 52110861
28.4207 -20.4186 52110861
28.6863 -20.756 52110861
29.243 -20.8741 52110861
28.4242 -21.2369 52110861
27.8755 -22.0084 52110861
27.7609 -22.3263 52110861
27.4982 -22.1569 52110861
27.957 -22.144 52110861
28.4245 -21.8822 52110861
28.6063 -21.523 52110861
28.4225 -21.4767 52110861
26.1938 -21.3971 52110861
26.7585 -19.6934 52110861
26.6612 -23.0952 52110861
27.4732 -23.5131 52110861
27.1247 -22.8754 52110861
26.6372 -22.4272 52110861
26.8658 -22.9938 52110861
26.3407 -22.3845 52110861
26.4235 -22.6605 52110861
25.6862 -23.2193 52110861
27.0551 -22.8322 52110861
26.0889 -23.241 52110861
26.1557 -22.7743 52110861
26.3963 -22.3056 52110861
26.6356 -22.9728 52110861
26.4235 -23.2049 52110861
28.5139 -22.9893 52110861
28.8151 -22.2691 52110861
27.9203 -22.5706 52110861
28.0586 -22.599 52110861
28.1049 -22.6969 52110861
27.9089 -22.9282 52110861
28.4098 -23.1902 52110861
28.5892 -23.2552 52110861
28.2647 -23.6943 52110861
27.6138 -22.7733 52110861
27.7899 -22.8746 52110861
28.2837 -23.3432 52110861
28.5539 -23.1714 52110861
28.0213 -22.609 52110861
28.0259 -23.5152 52110861
25.6115 -22.2625 52110861
25.5193 -21.3856 52110861
25.4052 -22.2286 52110861
25.1566 -22.5182 52110861
25.7783 -21.5581 52110861
25.5004 -22.8499 52110861
27.3805 -24.2498 52110861
27.6643 -23.7757 52110861
26.9529 -24.1918 52110861
26.7943 -24.9392 52110861
24.4452 -21.7854 52110861
24.3154 -21.8822 52110861
23.642 -21.5373 52110861
24.3698 -22.379 52110861
24.5575 -22.4372 52110861
25.3182 -21.9188 52110861
24.1545 -21.9621 52110861
25.2165 -21.8631 52110861
24.0694 -21.6558 52110861
24.5418 -21.9733 52110861
23.8669 -21.3295 52110861
24.2869 -21.9254 52110861
24.7167 -22.4696 52110861
25.2295 -21.5356 52110861
24.5721 -22.0127 52110861
24.4799 -21.8063 52110861
23.8598 -21.5803 52110861
25.3471 -21.4377 52110861
25.2938 -20.0929 52110861
25.3814 -21.0574 52110861
25.738 -20.9545 52110861
25.6507 -20.7518 52110861
25.4951 -19.6444 52110861
24.2276 -19.8956 52110861
23.67 -20.1935 52110861
23.9737 -20.5568 52110861
36.4021 -21.1004 52110861
36.7896 -21.6153 52110861
36.0705 -21.6726 52110861
37.1553 -21.2203 52110861
36.1573 -21.7323 52110861
37.276 -21.0907 52110861
35.2896 -22.1497 52110861
35.6016 -22.5006 52110861
35.2042 -21.2974 52110861
35.0922 -22.3733 52110861
35.361 -22.9214 52110861
35.1289 -22.3117 52110861
35.5012 -22.1753 52110861
35.4101 -22.3735 52110861
35.764 -22.1321 52110861
37.8192 -21.3805 52110861
38.1713 -22.132 52110861
38.0799 -20.8372 52110861
37.0052 -22.4255 52110861
36.3753 -23.2854 52110861
36.7341 -23.8289 52110861
35.6779 -23.1436 52110861
36.0671 -23.3591 52110861
36.6457 -23.459 52110861
37.5573 -23.3681 52110861
37.2958 -22.5635 52110861
38.2293 -22.9342 52110861
36.7004 -24.7171 52110861
37.8391 -19.3923 52110861
37.4552 -20.2183 52110861
37.5142 -20.1989 52110861
39.5482 -23.7594 52110861
39.6165 -23.3186 52110861
40.348 -24.0248 52110861
40.2756 -23.7057 52110861
39.5959 -23.886 52110861
38.5566 -25.0768 52110861
39.652 -22.0467 52110861
39.5511 -21.9133 52110861
40.0067 -22.3823 52110861
40.1605 -22.4498 52110861
40.1289 -21.8995 52110861
39.2645 -21.1912 52110861
38.9776 -21.5689 52110861
40.9816 -23.7158 52110861
38.5376 -22.2482 52110861
38.5533 -22.7183 52110861
43.014 -22.1817 52110861
42.5479 -21.3045 52110861
42.9027 -23.15 52110861
43.0139 -22.128 52110861
41.8636 -22.1989 52110861
41.8526 -22.0638 52110861
41.4084 -21.7552 52110861
41.4982 -21.873 52110861
40.9671 -22.4637 52110861
43.0968 -23.222 52110861
44.2098 -20.3846 52110861
45.2205 -22.2244 52110861
46.4597 -21.2881 52110861
47.0699 -21.549 52110861
19.2473 -23.439 1805335571
19.6524 -23.0894 1805335571
19.2671 -23.963 1805335571
19.9429 -23.2023 1805335571
19.6002 -24.0028 1805335571
18.4043 -23.5454 1805335571
19.9219 -24.0715 1805335571
18.6543 -22.8524 1805335571
19.7145 -23.133 1805335571
19.0815 -22.655 1805335571
19.5757 -23.7594 1805335571
19.8059 -24.1261 1805335571
19.8649 -22.5292 1805335571
20.2604 -22.0186 1805335571
19.8285 -22.0055 1805335571
20.1327 -22.7131 1805335571
20.4822 -22.9009 1805335571
20.21 -22.9237 1805335571
19.7447 -22.0632 1805335571
19.8451 -22.3402 1805335571
20.8468 -22.4072 1805335571
20.3552 -23.9258 1805335571
21.1546 -23.5118 1805335571
21.1851 -23.4398 1805335571
20.6686 -23.4766 1805335571
20.7133 -23.079 1805335571
20.666 -24.5264 1805335571
18.6419 -24.4109 1805335571
18.002 -23.6534 1805335571
18.9101 -25.1819 1805335571
19.2552 -24.676 1805335571
18.5622 -24.4131 1805335571
18.5145 -22.6273 1805335571
17.8491 -22.498 1805335571
18.0718 -23.249 1805335571
18.4592 -22.1995 1805335571
18.1768 -22.75 1805335571
18.3246 -22.2752 1805335571
17.7122 -22.7163 1805335571
18.1427 -23.1413 1805335571
18.5863 -22.6198 1805335571
17.3167 -22.9249 1805335571
17.2354 -22.7954 1805335571
17.4601 -22.0038 1805335571
17.4437 -23.7976 1805335571
17.5042 -22.3423 1805335571
17.4163 -23.3321 1805335571
21.0308 -23.16 1805335571
19.2033 -21.5919 1805335571
19.043 -21.1266 1805335571
20.0865 -21.4432 1805335571
19.4002 -21.1013 1805335571
17.1471 -24.9336 1805335571
17.0446 -24.5887 1805335571
17.3129 -24.4516 1805335571
17.5789 -24.3615 1805335571
21.235 -25.4216 1805335571
21.5751 -24.6787 1805335571
20.0097 -20.9454 1805335571
22.2609 -22.306 1805335571
21.3745 -22.1267 1805335571
21.9962 -21.7271 1805335571
22.6079 -23.164 1805335571
22.3688 -22.6461 1805335571
22.3482 -23.0666 1805335571
22.1089 -22.4328 1805335571
21.3396 -22.6105 1805335571
22.2328 -22.8598 1805335571
22.3094 -21.6081 1805335571
21.4055 -21.8764 1805335571
21.704 -23.1323 1805335571
21.6039 -21.8022 1805335571
22.2213 -21.5378 1805335571
21.3794 -21.8459 1805335571
22.9834 -22.136 1805335571
22.6553 -22.4256 1805335571
21.2897 -20.5766 1805335571
21.5884 -21.1123 1805335571
21.7518 -20.9706 1805335571
22.2142 -20.5591 1805335571
20.9382 -21.4321 1805335571
21.7463 -21.3983 1805335571
20.8309 -21.0991 1805335571
21.1773 -20.9345 1805335571
20.7656 -20.1187 1805335571
20.6927 -20.7907 1805335571
21.7893 -21.3593 1805335571
21.502 -21.6477 1805335571
20.917 -22.302 1805335571
21.336 -21.8626 1805335571
20.6175 -21.3784 1805335571
21.03 -22.3763 1805335571
20.6004 -21.5346 1805335571
21.2083 -21.7768 1805335571
20.9158 -22.1458 1805335571
23.3065 -22.5824 1805335571
23.7287 -22.9396 1805335571
23.2054 -22.8968 1805335571
23.4787 -21.8745 1805335571
23.3937 -22.7184 1805335571
23.9352 -22.448 1805335571
23.146 -21.779 1805335571
23.486 -22.9429 1805335571
24.2365 -22.2216 1805335571
23.9248 -21.8729 1805335571
23.0977 -21.0867 1805335571
23.8501 -20.5668 1805335571
22.9088 -21.1724 1805335571
22.3751 -21.09 1805335571
22.9505 -21.3035 1805335571
22.5915 -20.7398 1805335571
23.1234 -21.2182 1805335571
21.892 -23.6782 1805335571
21.3155 -24.2986 1805335571
21.8362 -23.6688 1805335571
21.5066 -24.3598 1805335571
21.2381 -23.0418 1805335571
22.2521 -23.4669 1805335571
16.1498 -22.8195 1805335571
15.9949 -23.6104 1805335571
15.886 -22.839 1805335571
16.2212 -22.2389 1805335571
15.7556 -22.0643 1805335571
16.4042 -22.9751 1805335571
15.4979 -23.3857 1805335571
15.7378 -22.6537 1805335571
16.4113 -22.3196 1805335571
15.0537 -21.643 1805335571
15.1992 -21.6679 1805335571
14.9912 -22.0966 1805335571
14.9525 -21.6862 1805335571
15.0166 -22.0359 1805335571
15.1939 -21.5413 1805335571
15.541 -21.8854 1805335571
14.2807 -22.2588 1805335571
14.4116 -22.4503 1805335571
14.306 -22.6995 1805335571
14.3488 -22.7621 1805335571
15.2286 -23.8662 1805335571
15.6719 -24.5179 1805335571
16.0788 -23.9178 1805335571
15.6157 -24.7516 1805335571
16.8326 -21.1765 1805335571
17.2497 -21.9644 1805335571
16.0372 -21.2365 1805335571
16.7489 -21.7286 1805335571
16.0645 -21.0609 1805335571
16.5041 -20.9595 1805335571
16.1025 -21.7203 1805335571
13.5821 -23.5817 1805335571
14.0801 -22.7688 1805335571
12.9196 -23.4327 1805335571
13.9832 -23.153 1805335571
13.3106 -22.9765 1805335571
13.3977 -23.3766 1805335571
13.7415 -24.9268 1805335571
14.104 -24.8614 1805335571
13.5616 -21.7752 1805335571
11.6901 -23.8537 1805335571
11.2194 -23.3793 1805335571
23.5459 -25.1161 1805335571
22.8282 -24.5953 1805335571
22.9033 -25.2764 1805335571
24.696 -23.4966 1805335571
25.0747 -23.0366 1805335571
23.8948 -23.1897 1805335571
24.5443 -22.7958 1805335571
24.3578 -22.8842 1805335571
24.4777 -23.6122 1805335571
24.0193 -23.5591 1805335571
25.1236 -23.0265 1805335571
24.3379 -24.216 1805335571
24.2198 -23.0114 1805335571
24.6294 -22.9961 1805335571
24.3479 -23.9734 1805335571
25.0539 -22.6021 1805335571
24.7518 -23.9973 1805335571
23.8182 -23.5824 1805335571
25.5986 -23.6371 1805335571
22.6528 -24.6496 1805335571
22.7353 -23.8794 1805335571
23.23 -23.8984 1805335571
24.9621 -25.014 1805335571
23.8382 -24.1147 1805335571
23.6075 -24.0457 1805335571
17.5662 -19.7629 1805335571
17.8196 -20.4366 1805335571
19.2285 -20.2163 1805335571
18.0776 -20.8252 1805335571
21.5579 -19.376 1805335571
22.4953 -18.4809 1805335571
5.00261 -23.8926 1888889342
4.64336 -24.1305 1888889342
5.06965 -23.3074 1888889342
4.70537 -24.2807 1888889342
5.92267 -22.4216 1888889342
6.52626 -22.4618 1888889342
5.65626 -22.577 1888889342
3.3908 -23.637 1888889342
4.06674 -22.9548 1888889342
6.2278 -23.6712 1888889342
2.5574 -24.4807 1888889342
8.28081 -24.9071 1888889342
7.23744 -25.0188 1888889342
9.58751 -24.4995 1888889342
9.90388 -24.9593 1888889342
8.90631 -23.7637 1888889342
10.1552 -23.5234 1888889342
10.3037 -23.3254 1888889342
10.188 -23.1162 1888889342
9.40708 -23.6412 1888889342
10.8274 -23.5695 1888889342
9.70605 -22.8274 1888889342
9.93836 -22.481 1888889342
9.24908 -22.7191 1888889342
3.48807 -20.8954 1888889342
3.12736 -21.5187 1888889342
3.46908 -21.3242 1888889342
3.22501 -22.5948 1888889342
3.21219 -22.2526 1888889342
1.41501 -20.0036 1888889342
8.84327 -21.378 1888889342
8.24026 -21.2185 1888889342
50.5951 -21.9742 1280904752
49.4065 -22.9879 1280904752
50.906 -22.9668 1280904752
47.8069 -23.6429 1280904752
54.1697 -24.4348 1280904752
13.0875 -20.7939 1269349719
13.1913 -21.6433 1269349719
13.3592 -21.4101 1269349719
14.2577 -19.9207 1269349719
12.0228 -22.2759 1269349719
11.2689 -21.8112 1269349719
12.0025 -21.645 1269349719
12.3071 -22.1607 1269349719
12.1787 -22.7204 1269349719
12.2871 -22.7118 1269349719
11.3092 -21.4768 1269349719
11.6961 -20.0159 1269349719
15.0675 -20.5854 1269349719
12.7781 -19.1528 1269349719
11.7215 -18.3845 1269349719
-2.60301 -22.7962 0
-1.72681 -23.3478 0
